0 2
0 3
0 13
1 10
1 11
2 5
2 8
2 10
2 11
2 12
2 14
2 15
2 18
2 24
3 10
3 11
3 13
4 10
5 6
6 10
6 15
6 28
8 10
8 11
8 12
8 15
10 11
10 15
10 18
11 15
11 18
11 28
12 15
13 15
13 18
13 19
13 27
13 30
14 18
14 22
14 27
15 16
15 18
15 23
15 29
15 31
15 35
15 36
16 23
18 22
18 23
18 27
18 30
18 32
18 36
19 26
20 23
20 28
21 26
21 34
22 23
23 27
23 31
24 33
26 33
28 34
28 35
29 31
29 33
29 36
31 33
31 36
31 37
31 38
32 38
33 34
