0 1
0 2
0 4
0 10
0 20
1 4
1 11
1 15
1 24
1 27
1 33
2 4
2 6
2 8
2 10
2 12
2 13
2 15
2 18
2 20
2 27
3 7
3 27
4 6
4 10
4 11
4 15
4 16
4 19
4 28
5 32
6 9
6 10
6 11
6 13
6 18
6 33
7 16
7 17
7 23
8 10
8 15
9 10
10 11
10 12
10 13
10 18
10 19
10 21
10 23
10 27
10 28
10 29
10 31
10 33
10 35
10 36
10 37
11 23
12 13
12 18
12 36
13 23
13 24
14 22
14 28
15 16
15 20
15 23
15 28
15 29
15 36
16 17
18 23
18 24
18 27
18 28
19 36
20 28
21 22
23 29
23 31
23 33
24 28
24 30
24 34
24 35
24 36
29 31
29 33
30 35
31 33
31 36
32 38
33 34
