0 2
0 3
0 8
0 10
1 2
1 3
1 10
1 11
1 15
2 3
2 5
2 6
2 7
2 8
2 10
2 11
2 12
2 14
2 15
2 18
3 10
3 11
3 12
3 13
3 15
3 18
4 6
4 8
4 10
4 11
4 12
5 10
5 11
5 12
5 15
5 18
6 8
6 10
6 15
6 31
7 15
7 17
8 10
8 13
8 15
8 20
8 32
9 11
10 11
10 12
10 13
10 15
10 18
10 24
10 33
11 12
11 15
11 17
11 18
11 20
11 30
11 35
12 15
12 28
12 31
12 34
13 17
13 18
13 23
13 27
13 30
14 15
14 18
14 22
14 27
15 16
15 18
15 20
15 23
15 24
15 25
15 28
15 29
15 30
15 31
15 33
15 36
15 37
16 23
17 18
17 23
17 26
17 29
18 20
18 22
18 23
18 28
18 29
18 31
18 32
18 33
19 26
20 22
20 23
20 28
20 31
21 22
22 23
22 26
22 27
23 27
23 30
23 31
23 33
24 28
24 32
25 31
26 27
26 33
27 30
27 32
27 34
27 37
28 32
28 35
28 37
28 38
29 30
29 31
29 33
29 35
29 36
29 37
29 38
30 32
30 33
30 34
30 35
31 33
31 34
31 35
31 36
31 37
31 38
32 33
32 34
32 35
32 38
33 34
33 35
33 36
33 37
33 38
34 35
34 37
35 36
35 37
36 37
