0 1
0 2
0 4
0 8
0 10
0 11
0 12
0 13
0 15
0 17
0 18
0 23
1 2
1 4
1 10
1 11
1 12
1 13
1 15
1 18
1 24
1 33
1 35
2 4
2 6
2 8
2 9
2 10
2 11
2 12
2 13
2 15
2 18
2 20
2 23
2 24
2 25
2 33
3 7
3 15
3 27
4 6
4 8
4 9
4 10
4 11
4 12
4 16
4 23
4 24
4 29
4 33
5 10
5 34
6 8
6 9
6 10
6 11
6 12
6 13
6 15
6 18
6 24
6 25
6 27
6 29
7 15
7 16
7 17
7 18
7 23
8 10
8 11
8 15
8 20
8 23
9 10
9 12
9 22
9 24
10 11
10 12
10 13
10 17
10 18
10 20
10 22
10 23
10 25
10 29
10 30
11 15
11 17
11 18
11 20
11 23
11 27
11 35
12 15
12 18
12 20
12 21
12 22
12 23
12 24
12 25
12 28
12 29
12 32
13 16
13 18
13 23
13 24
13 27
13 29
13 35
14 18
14 20
14 21
14 22
14 24
14 28
14 32
14 35
15 16
15 18
15 20
15 23
15 24
15 28
15 29
15 30
15 31
15 32
15 34
15 35
15 36
16 17
16 18
16 23
16 27
17 20
17 23
17 24
17 26
18 20
18 21
18 23
18 24
18 25
18 26
18 27
18 28
18 29
18 31
18 32
18 33
18 38
19 23
19 37
20 23
20 24
20 26
20 28
20 29
20 30
20 31
21 22
21 25
21 27
21 28
22 27
22 28
23 24
23 29
23 31
23 33
23 36
23 37
24 25
24 29
24 31
24 33
24 38
25 31
25 32
25 33
26 27
27 30
27 34
28 30
28 31
28 32
28 33
28 37
28 38
29 30
29 31
29 33
29 34
29 36
29 37
30 32
30 33
30 34
30 35
31 33
31 35
31 36
31 37
32 33
32 35
32 38
33 34
33 35
33 36
33 37
34 35
34 37
34 38
35 37
35 38
36 37
